Version 0.9.7
5
 4 10 175 77 128 0 1
 5 80 400 206 81 2 2
 0 110 110 877 276 8 3
 1 141 395 206 81 140 4
 3 358 402 203 58 150 5
 0
20
 16711680 5 71 189 71 189 71 189 71 137 163 137 163 137 0 1 0 3
 16711680 5 71 288 71 288 71 358 71 358 163 358 163 358 0 1 0 3
 16711680 5 566 176 566 176 566 176 566 137 566 137 566 137 0 3 0 3
 16711680 5 644 319 644 319 644 319 644 358 644 358 644 358 0 3 0 3
 16711680 5 865 319 865 319 865 319 865 358 865 358 865 358 0 3 0 3
 16711680 5 787 176 787 176 787 176 787 137 787 137 787 137 0 3 0 3
 16711680 5 345 176 345 176 345 176 345 137 345 137 345 137 0 3 0 3
 16711680 5 423 319 423 319 423 319 423 358 423 358 423 358 0 3 0 3
 16711680 5 156 406 156 406 57 406 57 126 176 126 176 137 0 4 0 3
 16711680 5 369 439 369 439 369 439 369 358 371 358 371 358 0 5 0 3
 16711680 5 156 464 156 464 175 464 175 358 176 358 176 358 0 4 0 3
 16711680 5 197 406 197 406 197 271 345 271 345 280 345 280 0 4 0 3
 16711680 5 358 280 358 280 358 272 826 272 826 280 826 280 0 3 0 3
 16711680 5 216 406 216 406 216 287 787 287 787 280 787 280 0 4 0 3
 16711680 5 235 406 235 406 235 300 371 300 371 293 371 293 0 4 0 3
 16711680 5 384 293 384 293 384 300 566 300 566 293 566 293 0 3 0 3
 16711680 5 579 293 579 293 579 309 254 309 254 406 254 406 0 3 0 4
 16711680 5 592 293 592 293 592 299 800 299 800 280 800 280 0 3 0 3
 16711680 5 813 280 813 280 813 288 839 288 839 280 839 280 0 3 0 3
 16711680 5 852 280 852 280 852 455 404 455 404 446 404 446 0 3 0 5
3
 7008 1 14 560 228 5 0 0 0 3
 7004 1 14 339 228 5 0 0 0 3
 7032 1 14 781 228 5 0 0 0 3
