Version 0.9.7
5
 4 10 175 77 128 0 1
 5 80 400 206 81 2 2
 0 110 110 877 276 8 3
 1 117 393 206 81 140 4
 3 341 393 203 58 150 5
 0
23
 16711680 5 173 404 170 404 170 311 397 311 397 280 397 280 0 4 0 3
 16711680 5 192 404 201 404 201 329 410 329 410 280 410 280 0 4 0 3
 16711680 5 211 404 211 404 211 404 211 280 267 280 267 280 0 4 0 3
 16711680 5 280 280 280 280 280 294 449 294 449 280 449 280 0 3 0 3
 16711680 5 436 280 436 280 436 280 423 280 423 280 423 280 0 3 0 3
 16711680 5 192 417 185 417 185 287 293 287 293 280 293 280 0 4 0 3
 16711680 5 306 280 306 280 306 215 306 215 410 215 410 215 0 3 0 3
 16711680 5 230 404 230 404 230 209 280 209 280 215 280 215 0 4 0 3
 16711680 5 436 215 436 215 436 209 540 209 540 280 540 280 0 3 0 3
 16711680 5 527 280 527 280 527 285 462 285 462 280 462 280 0 3 0 3
 16711680 5 553 280 553 280 553 448 387 448 387 437 387 437 0 3 0 5
 16711680 5 267 176 267 176 267 176 267 137 267 137 267 137 0 3 0 3
 16711680 5 293 215 293 215 293 207 423 207 423 215 423 215 0 3 0 3
 16711680 5 71 189 71 189 71 137 71 137 163 137 163 137 0 1 0 3
 16711680 5 71 288 71 288 71 288 71 358 163 358 163 358 0 1 0 3
 16711680 5 132 404 132 404 132 131 176 131 176 137 176 137 0 4 0 3
 16711680 5 132 462 124 462 124 368 176 368 176 358 176 358 0 4 0 3
 16711680 5 352 430 352 430 352 358 352 358 358 358 358 358 0 5 0 3
 16711680 5 345 319 345 319 345 319 345 358 345 358 345 358 0 3 0 3
 16711680 5 397 176 397 176 397 176 397 137 397 137 397 137 0 3 0 3
 16711680 5 527 176 527 176 527 176 527 137 527 137 527 137 0 3 0 3
 16711680 5 605 319 605 319 605 319 605 358 605 358 605 358 0 3 0 3
 16711680 5 475 319 475 319 475 319 475 358 475 358 475 358 0 3 0 3
3
 7004 1 14 261 228 5 0 0 0 3
 7008 1 14 391 228 5 0 0 0 3
 7032 1 14 521 228 5 0 0 0 3
