Version 0.9.7
5
 4 10 175 77 128 0 1
 5 80 400 206 81 2 2
 0 102 101 877 276 8 3
 1 153 389 206 81 140 4
 3 371 389 203 58 150 5
 0
24
 16711680 5 71 288 71 288 71 349 71 349 155 349 155 349 0 1 0 3
 16711680 5 71 189 71 189 71 128 71 128 155 128 155 128 0 1 0 3
 16711680 5 272 167 272 167 272 167 272 128 272 128 272 128 0 3 0 3
 16711680 5 441 310 441 310 441 310 441 349 441 349 441 349 0 3 0 3
 16711680 5 350 310 350 310 350 310 350 349 350 349 350 349 0 3 0 3
 16711680 5 363 167 363 167 363 167 363 128 363 128 363 128 0 3 0 3
 16711680 5 168 400 168 400 177 400 177 128 168 128 168 128 0 4 0 3
 16711680 5 168 458 168 458 162 458 162 349 168 349 168 349 0 4 0 3
 16711680 5 382 426 382 426 382 349 382 349 376 349 376 349 0 5 0 3
 16711680 5 454 167 454 167 454 167 454 128 454 128 454 128 0 3 0 3
 16711680 5 532 310 532 310 532 310 532 349 532 349 532 349 0 3 0 3
 16711680 5 209 400 209 400 209 400 209 271 363 271 363 271 0 4 0 3
 16711680 5 228 400 228 400 228 277 376 277 376 271 376 271 0 4 0 3
 16711680 5 247 400 247 400 247 284 247 284 272 284 272 284 0 4 0 3
 16711680 5 266 400 266 400 266 297 266 297 298 297 298 297 0 4 0 3
 16711680 5 480 271 480 271 489 271 489 440 417 440 417 433 0 3 0 5
 16711680 5 389 271 389 271 389 271 402 271 402 271 402 271 0 3 0 3
 16711680 5 285 284 285 284 285 206 285 206 376 206 376 206 0 3 0 3
 16711680 5 311 297 311 297 311 199 389 199 389 206 389 206 0 3 0 3
 16711680 5 402 206 402 206 415 206 415 206 415 271 415 271 0 3 0 3
 16711680 5 428 271 428 271 428 278 467 278 467 271 467 271 0 3 0 3
 16711680 5 441 206 441 206 454 206 454 206 454 271 454 271 0 3 0 3
 16711680 5 247 413 247 413 237 413 237 193 415 193 415 193 0 4 0 3
 16711680 5 266 413 257 413 257 184 428 184 428 193 428 193 0 4 0 3
3
 7008 1 14 357 219 5 0 0 0 3
 7032 1 14 448 219 5 0 0 0 3
 7004 1 14 266 219 5 0 0 0 3
