Version 0.9.7
5
 4 10 175 77 128 0 1
 5 80 400 206 81 2 2
 0 101 101 877 276 8 3
 1 182 384 206 81 140 4
 3 400 386 203 58 150 5
 0
21
 16711680 5 71 189 71 189 71 128 71 128 154 128 154 128 0 1 0 3
 16711680 5 71 288 71 288 71 349 71 349 154 349 154 349 0 1 0 3
 16711680 5 197 395 197 395 200 395 200 128 193 128 193 128 0 4 0 3
 16711680 5 197 453 197 453 189 453 189 349 193 349 193 349 0 4 0 3
 16711680 5 411 423 411 423 411 349 411 349 414 349 414 349 0 5 0 3
 16711680 5 310 167 310 167 310 167 310 128 310 128 310 128 0 3 0 3
 16711680 5 388 310 388 310 388 310 388 349 388 349 388 349 0 3 0 3
 16711680 5 479 310 479 310 479 310 479 349 479 349 479 349 0 3 0 3
 16711680 5 570 310 570 310 570 310 570 349 570 349 570 349 0 3 0 3
 16711680 5 492 167 492 167 492 167 492 128 492 128 492 128 0 3 0 3
 16711680 5 401 167 401 167 401 167 401 128 401 128 401 128 0 3 0 3
 16711680 5 518 271 518 271 518 436 446 436 446 430 446 430 0 3 0 5
 16711680 5 238 395 238 395 238 271 238 271 310 271 310 271 0 4 0 3
 16711680 5 323 271 323 271 323 271 401 271 401 271 401 271 0 3 0 3
 16711680 5 257 395 257 395 257 277 414 277 414 271 414 271 0 4 0 3
 16711680 5 427 271 427 271 427 271 440 271 440 271 440 271 0 3 0 3
 16711680 5 276 395 276 395 276 284 276 284 336 284 336 284 0 4 0 3
 16711680 5 349 284 349 284 453 284 453 284 453 271 453 271 0 3 0 3
 16711680 5 466 271 466 271 466 271 492 271 492 271 492 271 0 3 0 3
 16711680 5 257 408 257 408 247 408 247 297 362 297 362 297 0 4 0 3
 16711680 5 375 297 375 297 505 297 505 297 505 271 505 271 0 3 0 3
3
 7008 1 14 395 219 5 0 0 0 3
 7032 1 14 486 219 5 0 0 0 3
 7004 1 14 304 219 5 0 0 0 3
