Version 0.9.7
5
 4 10 175 77 128 0 1
 5 80 400 206 81 2 2
 0 105 100 877 276 8 3
 1 130 383 206 81 140 4
 3 340 388 203 58 150 5
 0
20
 16711680 5 483 309 483 309 483 309 483 348 483 348 483 348 0 3 0 3
 16711680 5 392 309 392 309 392 309 392 348 392 348 392 348 0 3 0 3
 16711680 5 405 166 405 166 405 166 405 127 405 127 405 127 0 3 0 3
 16711680 5 314 166 314 166 314 166 314 127 314 127 314 127 0 3 0 3
 16711680 5 71 189 71 189 71 127 71 127 158 127 158 127 0 1 0 3
 16711680 5 71 288 71 288 71 348 71 348 158 348 158 348 0 1 0 3
 16711680 5 145 394 145 394 107 394 107 117 171 117 171 127 0 4 0 3
 16711680 5 145 452 145 452 171 452 171 452 171 348 171 348 0 4 0 3
 16711680 5 353 348 353 348 353 425 353 425 351 425 351 425 0 3 0 5
 16711680 5 186 394 186 394 186 270 186 270 314 270 314 270 0 4 0 3
 16711680 5 205 394 205 394 205 277 327 277 327 270 327 270 0 4 0 3
 16711680 5 340 270 340 270 340 270 405 270 405 270 405 270 0 3 0 3
 16711680 5 224 394 224 394 224 283 224 283 353 283 353 283 0 4 0 3
 16711680 5 243 394 243 394 243 289 366 289 366 283 366 283 0 4 0 3
 16711680 5 379 283 379 283 418 283 418 283 418 270 418 270 0 3 0 3
 16711680 5 431 270 431 270 431 270 444 270 444 270 444 270 0 3 0 3
 16711680 5 470 270 470 270 476 270 476 441 386 441 386 432 0 3 0 5
 16711680 5 353 205 353 205 457 205 457 205 457 270 457 270 0 3 0 3
 16711680 5 186 407 186 407 179 407 179 205 327 205 327 205 0 4 0 3
 16711680 5 224 407 215 407 215 197 340 197 340 205 340 205 0 4 0 3
2
 7008 1 14 308 218 5 0 0 0 3
 7032 1 14 399 218 5 0 0 0 3
