Version 0.9.7
5
 4 10 175 77 128 0 1
 5 80 400 206 81 2 2
 0 95 104 877 276 8 3
 1 138 384 206 81 140 4
 3 356 387 203 58 150 5
 0
18
 16711680 5 71 288 71 288 71 352 71 352 148 352 148 352 0 1 0 3
 16711680 5 71 189 71 189 71 131 71 131 148 131 148 131 0 1 0 3
 16711680 5 291 131 291 131 291 131 291 170 291 170 291 170 0 3 0 3
 16711680 5 369 313 369 313 369 313 369 352 369 352 369 352 0 3 0 3
 16711680 5 460 313 460 313 460 313 460 352 460 352 460 352 0 3 0 3
 16711680 5 367 424 367 424 363 424 363 352 356 352 356 352 0 5 0 3
 16711680 5 382 131 382 131 382 131 382 170 382 170 382 170 0 3 0 3
 16711680 5 153 395 153 395 153 395 153 131 161 131 161 131 0 4 0 3
 16711680 5 153 453 153 453 159 453 159 352 161 352 161 352 0 4 0 3
 16711680 5 408 274 408 274 413 274 413 431 402 431 402 431 0 3 0 5
 16711680 5 194 395 194 395 194 274 194 274 291 274 291 274 0 4 0 3
 16711680 5 213 395 213 395 213 280 304 280 304 274 304 274 0 4 0 3
 16711680 5 317 274 317 274 317 274 330 274 330 274 330 274 0 3 0 3
 16711680 5 251 395 251 395 251 286 343 286 343 274 343 274 0 4 0 3
 16711680 5 356 274 356 274 356 274 382 274 382 274 382 274 0 3 0 3
 16711680 5 194 408 194 408 185 408 185 209 304 209 304 209 0 4 0 3
 16711680 5 232 395 232 395 232 202 317 202 317 209 317 209 0 4 0 3
 16711680 5 330 209 330 209 395 209 395 209 395 274 395 274 0 3 0 3
2
 7008 1 14 285 222 5 0 0 0 3
 7032 1 14 376 222 5 0 0 0 3
