Version 0.9.7
5
 4 10 175 77 128 0 1
 5 80 400 206 81 2 2
 0 100 100 877 276 8 3
 1 146 377 206 81 140 4
 3 358 381 203 58 150 5
 0
12
 16711680 5 71 189 71 189 71 127 71 127 153 127 153 127 0 1 0 3
 16711680 5 71 288 71 288 71 348 71 348 153 348 153 348 0 1 0 3
 16711680 5 309 166 309 166 309 166 309 127 309 127 309 127 0 3 0 3
 16711680 5 387 309 387 309 387 309 387 348 387 348 387 348 0 3 0 3
 16711680 5 369 418 369 418 369 348 369 348 374 348 374 348 0 5 0 3
 16711680 5 161 446 161 446 166 446 166 446 166 348 166 348 0 4 0 3
 16711680 5 161 388 161 388 161 127 161 127 166 127 166 127 0 4 0 3
 16711680 5 202 388 202 388 202 270 202 270 309 270 309 270 0 4 0 3
 16711680 5 221 388 221 388 221 278 322 278 322 270 322 270 0 4 0 3
 16711680 5 335 270 335 270 335 270 348 270 348 270 348 270 0 3 0 3
 16711680 5 240 388 240 388 240 286 361 286 361 270 361 270 0 4 0 3
 16711680 5 374 270 374 270 415 270 415 425 404 425 404 425 0 3 0 5
1
 7008 1 14 303 218 5 0 0 0 3
