Version 0.9.7
5
 4 10 175 77 128 0 1
 5 80 400 206 81 2 2
 0 96 103 877 276 8 3
 1 140 383 206 81 140 4
 3 350 390 203 58 150 5
 0
15
 16711680 5 71 189 71 189 71 130 71 130 149 130 149 130 0 1 0 3
 16711680 5 71 288 71 288 71 351 71 351 149 351 149 351 0 1 0 3
 16711680 5 155 394 155 394 155 130 155 130 162 130 162 130 0 4 0 3
 16711680 5 155 452 155 452 155 452 162 452 162 351 162 351 0 4 0 3
 16711680 5 279 169 279 169 279 169 279 130 279 130 279 130 0 3 0 3
 16711680 5 361 427 361 427 361 351 361 351 370 351 370 351 0 5 0 3
 16711680 5 357 351 357 351 357 351 357 312 357 312 357 312 0 3 0 3
 16711680 5 448 351 448 351 448 351 448 312 448 312 448 312 0 3 0 3
 16711680 5 370 169 370 169 370 169 370 130 370 130 370 130 0 3 0 3
 16711680 5 196 394 196 394 196 273 196 273 370 273 370 273 0 4 0 3
 16711680 5 215 394 215 394 215 286 215 286 279 286 279 286 0 4 0 3
 16711680 5 292 286 292 286 383 286 383 286 383 273 383 273 0 3 0 3
 16711680 5 396 273 396 273 396 273 409 273 409 273 409 273 0 3 0 3
 16711680 5 234 394 234 394 234 295 422 295 422 273 422 273 0 4 0 3
 16711680 5 435 273 435 273 429 273 429 439 396 439 396 434 0 3 0 5
2
 7008 1 14 364 221 5 0 0 0 3
 7004 1 14 273 221 5 0 0 0 3
